Webots Project File version R2020b
perspectives: 000000ff00000000fd0000000300000000000005250000038bfc0100000001fb0000001a0044006f00630075006d0065006e0074006100740069006f006e0000000000ffffffff0000008700ffffff000000010000019c000002ebfc0200000001fb0000001400540065007800740045006400690074006f00720100000000000002eb0000008b00ffffff000000030000066a000000d9fc0100000001fb0000001a0043006f006e0073006f006c00650041006c006c0041006c006c01000000000000066a0000008700ffffff000004cc000002eb00000001000000020000000100000008fc00000000
simulationViewPerspectives: 000000ff000000010000000200000114000003870100000002010000000100
sceneTreePerspectives: 000000ff0000000100000002000000c0000000fa0100000002010000000200
maximizedDockId: -1
centralWidgetVisible: 1
orthographicViewHeight: 1
textFiles: 1 "../../P2/Code/controllers/main/evaluation.py" "controllers/main/your_controller.py"
consoles: Console:All:All
renderingDevicePerspectives: tesla:console;1;1;0.67579;0.00761928
renderingDevicePerspectives: tesla:speedometer;0;1;0;0
